Accuracy: 0.8389

              precision    recall  f1-score   support

           0       0.81      0.98      0.89     38583
           1       0.94      0.56      0.70      3540
           2       0.93      0.58      0.71      3443
           3       0.92      0.60      0.73      3532
           4       0.91      0.61      0.73      3562
           5       0.95      0.58      0.72      3564
           6       0.90      0.60      0.72      3582
           7       0.99      0.52      0.68       194

    accuracy                           0.84     60000
   macro avg       0.92      0.63      0.74     60000
weighted avg       0.85      0.84      0.83     60000
